D 2
F 3
M 3
S 5
sd
100.000000 200.000000 
sf
100.000000 200.000000 300.000000 
sm
400.000000 500.000000 600.000000 
ss
400.000000 500.000000 600.000000 700.000000 800.000000 
cd
100.000000 120.000000 130.000000 
220.000000 240.000000 270.000000 
cf
100.000000 110.000000 120.000000 
130.000000 140.000000 150.000000 
160.000000 170.000000 180.000000 
cm
10.000000 20.000000 30.000000 40.000000 50.000000 
60.000000 70.000000 80.000000 90.000000 100.000000 
110.000000 120.000000 130.000000 140.000000 0.000000 
ud
500.000000 500.000000 
uf
250.000000 250.000000 275.000000 
um
160.000000 180.000000 200.000000 
p
1.300000 1.500000 2.000000 1.800000 1.200000 
xdminmax
100.000000 200.000000 150.000000 300.000000 100.000000 200.000000 
150.000000 300.000000 100.000000 200.000000 150.000000 300.000000 
xfminmax
150.000000 200.000000 160.000000 190.000000 80.000000 150.000000 
150.000000 200.000000 160.000000 190.000000 80.000000 150.000000 
150.000000 200.000000 160.000000 190.000000 80.000000 150.000000 
xmminmax
400.000000 700.000000 50.000000 450.000000 500.000000 800.000000 400.000000 700.000000 50.000000 450.000000 
500.000000 800.000000 400.000000 700.000000 50.000000 450.000000 500.000000 800.000000 400.000000 700.000000 
50.000000 450.000000 500.000000 800.000000 400.000000 700.000000 50.000000 450.000000 500.000000 800.000000 
