D 2
F 3
M 3
S 5
sd
46685.366974 38755.939816 
sf
47489.907815 41193.531929 43925.239309 
sm
259915.656242 103513.834425 243227.454581 
ss
2682.035182 2105.121142 6556.790240 2372.125200 5176.156092 
cd
2.789652 2.221634 2.418669 
2.803236 2.474594 2.269940 
cf
3.916249 3.612373 3.643518 
3.138238 4.389522 4.295593 
4.059875 3.796741 3.380714 
cm
11.853027 10.192191 11.416324 14.426523 11.308874 
12.533441 14.994602 13.043521 14.651691 14.361613 
12.471556 12.753933 13.644192 10.070128 12.249005 
ud
21.341798 23.746669 
uf
19.290627 16.697611 26.853083 
um
79.849538 76.024253 58.103415 
p
30.669383 32.256075 31.754491 32.353761 32.849236 
xdminmax
1000.000000 1500.000000 1000.000000 1500.000000 1000.000000 1500.000000 
1000.000000 1500.000000 1000.000000 1500.000000 1000.000000 1500.000000 
xfminmax
500.000000 850.000000 500.000000 850.000000 500.000000 850.000000 
500.000000 850.000000 500.000000 850.000000 500.000000 850.000000 
500.000000 850.000000 500.000000 850.000000 500.000000 850.000000 
xmminmax
200.000000 400.000000 200.000000 400.000000 200.000000 400.000000 200.000000 400.000000 200.000000 400.000000 
200.000000 400.000000 200.000000 400.000000 200.000000 400.000000 200.000000 400.000000 200.000000 400.000000 
200.000000 400.000000 200.000000 400.000000 200.000000 400.000000 200.000000 400.000000 200.000000 400.000000 
